2025-02-05 15:23:54.666964 - 40.0
2025-02-05 15:23:54.668063 - 44.0
2025-02-05 15:23:54.670015 - 30.0
2025-02-05 15:23:54.670973 - 28.0
2025-02-05 15:23:54.671974 - 36.0
2025-02-05 15:23:54.672970 - 48.0
2025-02-05 15:23:54.672970 - 14.0
2025-02-05 15:23:54.672970 - 44.0
2025-02-05 15:23:54.673970 - 42.0
2025-02-05 15:23:54.673970 - 40.0
2025-02-05 15:23:54.674969 - 44.0
2025-02-05 15:23:54.674969 - 48.0
2025-02-05 15:23:54.674969 - 38.0
2025-02-05 15:23:54.675970 - 18.0
2025-02-05 15:23:54.675970 - 46.0
2025-02-05 15:23:54.675970 - 34.0
2025-02-05 15:23:54.675970 - 28.0
2025-02-05 15:23:54.677644 - 34.0
2025-02-05 15:23:54.677644 - 20.0
2025-02-05 15:23:54.677644 - 34.0
2025-02-05 15:23:54.678646 - 56.0
2025-02-05 15:23:54.678646 - 40.0
2025-02-05 15:23:54.678646 - 26.0
2025-02-05 15:23:54.678646 - 50.0
2025-02-05 15:23:54.678646 - 24.0
2025-02-05 15:23:54.679647 - 38.0
2025-02-05 15:23:54.679647 - 32.0
2025-02-05 15:23:54.679647 - 32.0
2025-02-05 15:23:54.679647 - 48.0
2025-02-05 15:23:54.680646 - 42.0
2025-02-05 15:23:54.680646 - 48.0
2025-02-05 15:23:54.680646 - 30.0
2025-02-05 15:23:54.680646 - 36.0
2025-02-05 15:23:54.680646 - 30.0
2025-02-05 15:23:54.680646 - 28.0
2025-02-05 15:23:54.681646 - 28.0
2025-02-05 15:23:54.681646 - 20.0
2025-02-05 15:23:54.681646 - 28.0
2025-02-05 15:23:54.681646 - 14.0
2025-02-05 15:23:54.681646 - 46.0
2025-02-05 15:23:54.682646 - 62.0
2025-02-05 15:23:54.682646 - 32.0
2025-02-05 15:23:54.682646 - 36.0
2025-02-05 15:23:54.683646 - 26.0
2025-02-05 15:23:54.683646 - 26.0
2025-02-05 15:23:54.683646 - 32.0
2025-02-05 15:23:54.683646 - 24.0
2025-02-05 15:23:54.683646 - 42.0
2025-02-05 15:23:54.684647 - 32.0
2025-02-05 15:23:54.684647 - 34.0
2025-02-05 15:23:54.684647 - 38.0
2025-02-05 15:23:54.684647 - 26.0
2025-02-05 15:23:54.684647 - 34.0
2025-02-05 15:23:54.684647 - 34.0
2025-02-05 15:23:54.684647 - 46.0
2025-02-05 15:23:54.684647 - 44.0
2025-02-05 15:23:54.685647 - 42.0
2025-02-05 15:23:54.685647 - 56.0
2025-02-05 15:23:54.685647 - 42.0
2025-02-05 15:23:54.685647 - 40.0
2025-02-05 15:23:54.686646 - 46.0
2025-02-05 15:23:54.686646 - 22.0
2025-02-05 15:23:54.686646 - 30.0
2025-02-05 15:23:54.686646 - 34.0
2025-02-05 15:23:54.686646 - 46.0
2025-02-05 15:23:54.686646 - 38.0
2025-02-05 15:23:54.687646 - 44.0
2025-02-05 15:23:54.687646 - 40.0
2025-02-05 15:23:54.687646 - 30.0
2025-02-05 15:23:54.687646 - 30.0
2025-02-05 15:23:54.688648 - 58.0
2025-02-05 15:23:54.688648 - 32.0
2025-02-05 15:23:54.688648 - 40.0
2025-02-05 15:23:54.688648 - 48.0
2025-02-05 15:23:54.689646 - 30.0
2025-02-05 15:23:54.689646 - 42.0
2025-02-05 15:23:54.689646 - 40.0
2025-02-05 15:23:54.690647 - 52.0
2025-02-05 15:23:54.690647 - 46.0
2025-02-05 15:23:54.690647 - 30.0
2025-02-05 15:23:54.690647 - 42.0
2025-02-05 15:23:54.691646 - 40.0
2025-02-05 15:23:54.691646 - 44.0
2025-02-05 15:23:54.691646 - 36.0
2025-02-05 15:23:54.691646 - 34.0
2025-02-05 15:23:54.691646 - 36.0
2025-02-05 15:23:54.691646 - 56.0
2025-02-05 15:23:54.692646 - 42.0
2025-02-05 15:23:54.692646 - 34.0
2025-02-05 15:23:54.692646 - 38.0
2025-02-05 15:23:54.692646 - 32.0
2025-02-05 15:23:54.692646 - 32.0
2025-02-05 15:23:54.693647 - 32.0
2025-02-05 15:23:54.693647 - 34.0
2025-02-05 15:23:54.693647 - 36.0
2025-02-05 15:23:54.693647 - 40.0
2025-02-05 15:23:54.693647 - 22.0
2025-02-05 15:23:54.693647 - 38.0
2025-02-05 15:23:54.694646 - 42.0
2025-02-05 15:23:54.694646 - 46.0
